P_0 = 0
N_max = 3
M_max = 1000000
T_i = -1
L = 6.96924
k_rep = 250
k_att = 125
k_int = 500
k_pull = 0
R = 0.45
Ld = 1.5
D_B = 0
D_P = 13000
gamma = 1e+06
beta = 100
delta = 0.003
r = 2
eta = 0.1
nu = 0.05
theta = 2.51327
dT = 0.0001
nSamp = 100
margin = 1
rngSeed = 2125
wellMixed = 0
debug = 0
exportAny = 1
exportCellData = 0
exportColonySize = 0
exportPhageData = 0
